6 0.06370192307692307 0.06370192307692307 0.12379807692307693 0.12379807692307693
0 0.06370192307692307 0.18870192307692307 0.12379807692307693 0.12379807692307693
6 0.06370192307692307 0.3137019230769231 0.12379807692307693 0.12379807692307693
9 0.06370192307692307 0.4387019230769231 0.12379807692307693 0.12379807692307693
1 0.06370192307692307 0.5637019230769231 0.12379807692307693 0.12379807692307693
2 0.06370192307692307 0.6887019230769231 0.12379807692307693 0.12379807692307693
11 0.06370192307692307 0.8137019230769231 0.12379807692307693 0.12379807692307693
6 0.06370192307692307 0.9375 0.125 0.12259615384615384
0 0.18870192307692307 0.18870192307692307 0.12379807692307693 0.12379807692307693
10 0.18870192307692307 0.3137019230769231 0.12379807692307693 0.12379807692307693
8 0.18870192307692307 0.4387019230769231 0.12379807692307693 0.12379807692307693
11 0.18870192307692307 0.5637019230769231 0.12379807692307693 0.12379807692307693
11 0.18870192307692307 0.6887019230769231 0.12379807692307693 0.12379807692307693
3 0.18870192307692307 0.8137019230769231 0.12379807692307693 0.12379807692307693
11 0.3137019230769231 0.06370192307692307 0.12379807692307693 0.12379807692307693
6 0.3137019230769231 0.18870192307692307 0.12379807692307693 0.12379807692307693
9 0.3137019230769231 0.3137019230769231 0.12379807692307693 0.12379807692307693
0 0.3137019230769231 0.4387019230769231 0.12379807692307693 0.12379807692307693
12 0.3137019230769231 0.5637019230769231 0.12379807692307693 0.12379807692307693
9 0.3137019230769231 0.6887019230769231 0.12379807692307693 0.12379807692307693
10 0.3137019230769231 0.8137019230769231 0.12379807692307693 0.12379807692307693
3 0.3137019230769231 0.9375 0.125 0.12259615384615384
1 0.4387019230769231 0.06370192307692307 0.12379807692307693 0.12379807692307693
8 0.4387019230769231 0.18870192307692307 0.12379807692307693 0.12379807692307693
4 0.4387019230769231 0.3137019230769231 0.12379807692307693 0.12379807692307693
10 0.4387019230769231 0.4387019230769231 0.12379807692307693 0.12379807692307693
6 0.4387019230769231 0.5637019230769231 0.12379807692307693 0.12379807692307693
12 0.4387019230769231 0.6887019230769231 0.12379807692307693 0.12379807692307693
3 0.4387019230769231 0.8137019230769231 0.12379807692307693 0.12379807692307693
8 0.4387019230769231 0.9375 0.125 0.12259615384615384
9 0.5637019230769231 0.06370192307692307 0.12379807692307693 0.12379807692307693
0 0.5637019230769231 0.18870192307692307 0.12379807692307693 0.12379807692307693
8 0.5637019230769231 0.3137019230769231 0.12379807692307693 0.12379807692307693
11 0.5637019230769231 0.4387019230769231 0.12379807692307693 0.12379807692307693
5 0.5637019230769231 0.5637019230769231 0.12379807692307693 0.12379807692307693
12 0.5637019230769231 0.6887019230769231 0.12379807692307693 0.12379807692307693
0 0.5637019230769231 0.8137019230769231 0.12379807692307693 0.12379807692307693
4 0.6887019230769231 0.06370192307692307 0.12379807692307693 0.12379807692307693
6 0.6887019230769231 0.18870192307692307 0.12379807692307693 0.12379807692307693
12 0.6887019230769231 0.3137019230769231 0.12379807692307693 0.12379807692307693
1 0.6887019230769231 0.4387019230769231 0.12379807692307693 0.12379807692307693
12 0.6887019230769231 0.5637019230769231 0.12379807692307693 0.12379807692307693
11 0.6887019230769231 0.6887019230769231 0.12379807692307693 0.12379807692307693
0 0.6887019230769231 0.8137019230769231 0.12379807692307693 0.12379807692307693
11 0.8137019230769231 0.06370192307692307 0.12379807692307693 0.12379807692307693
0 0.8137019230769231 0.18870192307692307 0.12379807692307693 0.12379807692307693
12 0.8137019230769231 0.3137019230769231 0.12379807692307693 0.12379807692307693
8 0.8137019230769231 0.4387019230769231 0.12379807692307693 0.12379807692307693
3 0.8137019230769231 0.5637019230769231 0.12379807692307693 0.12379807692307693
11 0.8137019230769231 0.6887019230769231 0.12379807692307693 0.12379807692307693
0 0.8137019230769231 0.8137019230769231 0.12379807692307693 0.12379807692307693
10 0.8137019230769231 0.9375 0.125 0.12259615384615384
12 0.9375 0.06370192307692307 0.12259615384615384 0.125
6 0.9375 0.18870192307692307 0.12259615384615384 0.125
0 0.9375 0.3137019230769231 0.12259615384615384 0.125
5 0.9375 0.4387019230769231 0.12259615384615384 0.125
3 0.9375 0.5637019230769231 0.12259615384615384 0.125
10 0.9375 0.6887019230769231 0.12259615384615384 0.125
9 0.9375 0.8137019230769231 0.12259615384615384 0.125
1 0.9375 0.9375 0.12259615384615384 0.12259615384615384
7 0.4987980769230769 0.4987980769230769 0.9975961538461539 0.9975961538461539